"City","Number","gender","NEIGHBORHOOD","Teachers","GPA"
"Portland",580,0.49,2934,28,2.31603557237369
"Portland",580,0.51,2854,27,1.84461703002384
"Portland",NA,0.51,NA,23,2.68490972428879
"Portland",599,0.49,3026,28,2.29939428093747
"Portland",358,0.52,1753,18,2.05680531096692
"Portland",348,0.52,1794,15,1.90522005969157
"Portland",644,0.51,3217,40,3.10425561536518
"Portland",468,0.54,2354,23,2.49689700895521
"Portland",391,0.51,1980,22,2.34164665185635
"Portland",521,0.55,2614,26,2.08719120473938
"Portland",407,0.51,2000,23,2.37163626764089
"Portland",361,0.54,1805,NA,1.94114949222556
"Portland",365,0.51,NA,12,1.353636325669
"Portland",516,0.5,2596,30,2.58264448063677
"Portland",399,0.49,1995,25,2.50645654305761
"Portland",NA,0.53,1784,17,2.17215483612734
"Portland",423,0.5,2105,25,3.0091677353579
"Portland",457,0.49,NA,23,2.04466105869831
"Portland",450,0.46,2257,NA,2.38619274466448
"Portland",623,0.54,3146,27,1.71044993923099
"Portland",433,0.52,2178,23,2.33046587341873
"Portland",547,0.52,2771,29,2.47191950939616
"Portland",581,0.53,2901,25,1.98920749318794
"Portland",370,0.49,1868,21,3.05998169529953
"Portland",317,0.5,1555,19,2.31766478142157
"Portland",372,0.5,1885,19,2.03726011912004
"Portland",436,0.5,2172,25,2.77362368270646
"Portland",569,0.51,2874,26,2.53166956489822
"Portland",175,0.5,916,9,2.54390703552116
"Portland",163,0.5,NA,12,2.96944514828649
"Portland",352,0.48,1748,16,2.48023950076654
"Portland",440,0.51,2207,22,2.74409375996324
"Portland",418,0.47,2125,22,2.8284146498139
"Portland",149,0.49,760,2,-2.99294486824308
"Portland",546,0.49,2728,28,2.27471957351072
"Portland",383,0.46,1932,NA,2.12673287350061
"Portland",283,0.51,1456,9,1.09880886839678
"Portland",189,0.48,981,9,2.14546834309724
"Portland",178,0.5,902,7,1.93834890401227
"Portland",651,0.49,3269,33,2.95826043742914
"Portland",219,0.52,1130,15,2.12627106517896
"Portland",558,0.54,2751,23,1.87358722867966
"Portland",362,0.49,1791,16,1.80765791891979
"Portland",NA,0.48,1273,18,2.96812427877338
"Portland",571,0.5,2841,25,2.13864292440422
"Portland",556,0.48,2817,27,2.3346280922373
"Portland",352,0.5,1799,19,2.40500535959601
"Portland",579,0.51,2886,23,1.86934317493714
"Portland",604,0.48,3006,30,2.34574537211208
"Portland",NA,0.47,1632,18,2.44242354475186
"Portland",471,0.5,2359,22,2.1611727595541
"Portland",383,0.54,1930,16,1.50891127263792
"Portland",NA,0.45,2536,22,2.03361472142707
"Portland",543,0.5,2707,25,2.16118899041319
"Portland",378,0.51,1929,19,2.4083507986682
"Portland",535,NA,2695,27,2.21877765874828
"Portland",572,0.52,2856,NA,2.4003431301345
"Portland",230,0.48,1183,14,2.49908895249315
"Portland",NA,0.52,1785,20,2.29152532190291
"Portland",NA,0.48,1921,20,2.30560810810043
"Portland",NA,0.49,2295,23,1.8828929849358
"Portland",336,0.46,1687,18,2.50742237349343
"Portland",330,0.51,1622,15,1.56159982314449
"Portland",477,0.52,2418,25,2.54260646431802
"Portland",196,0.51,966,8,1.97449655447745
"Portland",216,0.54,1111,9,1.90432264472782
"Portland",353,0.49,1765,18,2.45334883267633
"Portland",332,0.5,1642,18,2.273701298958
"Portland",234,0.5,1197,9,1.94172613290742
"Portland",274,0.51,1330,13,2.45687388870019
"Portland",380,0.49,1891,21,2.7133125495125
"Portland",353,0.49,1760,17,2.51163370445633
"Portland",NA,0.49,1715,17,2.3170266527124
"Portland",525,0.5,2643,25,1.99347509104874
"Portland",383,0.54,1960,25,3.04580509106151
"Portland",496,0.51,2470,27,2.48916416914346
"Portland",429,0.51,2161,24,2.40071936113297
"Portland",575,0.5,2907,30,2.71272651780123
"Portland",600,0.51,3016,26,2.00226415287938
"Portland",488,0.49,2423,24,2.72094604911615
"Portland",241,NA,1212,12,2.47427436912024
"Portland",357,0.5,1829,NA,3.02729533358739
"Portland",NA,0.49,2463,18,1.30549669166032
"Portland",360,0.48,1844,NA,2.82683433210182
"Portland",495,0.48,2505,28,2.33527334252501
"Portland",346,0.52,1705,15,2.31002276325989
"Portland",170,0.5,811,8,2.36591662065951
"Portland",262,NA,1321,12,2.14152631835855
"Portland",506,NA,2515,23,2.06741866416753
"Portland",NA,0.48,2445,23,2.27062098902473
"Salem",352,0.52,1743,23,2.67012678968143
"Salem",452,0.51,2264,23,2.16012950448194
"Salem",519,0.49,2622,36,3.10450903487057
"Salem",NA,0.5,1634,20,2.88630580086034
"Salem",356,0.49,1793,NA,2.42459024632543
"Salem",211,0.52,NA,NA,3.18519380507053
"Salem",216,0.49,1071,18,3.22356598499898
"Salem",540,NA,2667,38,2.77408508450072
"Salem",291,0.48,NA,17,2.87754945583789
"Salem",541,0.48,2709,35,3.1429037080484
"Salem",515,0.5,2626,34,2.95663553487062
"Salem",122,0.49,605,4,1.14971410551355
"Salem",575,0.49,2909,40,2.81075439755396
"Salem",322,0.51,1644,27,3.563064680882
"Salem",499,0.46,2510,32,2.78674098950452
"Salem",545,0.49,2758,36,2.8112319727812
"Salem",201,0.5,NA,NA,0.840084910853472
"Salem",550,0.49,2778,34,2.48939174187951
"Salem",NA,0.52,2436,34,2.50126050706391
"Salem",429,0.53,2184,25,2.92372647391824
"Salem",527,0.45,2618,36,2.38200554219358
"Salem",446,0.48,2220,35,2.71595365350477
"Salem",436,0.49,2205,25,2.51958026175554
"Salem",520,0.51,2604,29,1.94199172100143
"Salem",331,0.52,1609,23,2.8090574007935
"Salem",487,0.5,2481,28,2.36711780173852
"Salem",397,0.52,2037,NA,3.23517444607906
"Salem",314,0.48,1546,20,2.61448364783367
"Salem",337,0.49,1689,28,2.90951440803253
"Salem",371,0.49,1882,17,2.11339302265318
"Salem",564,0.52,NA,39,2.4911289726994
"Salem",257,0.48,1290,12,2.30185152464616
"Salem",541,0.5,2719,32,2.96936846081035
"Salem",547,0.52,2748,37,2.54234035169844
"Salem",528,0.48,2646,31,2.8655825369513
"Salem",586,0.49,2996,41,2.87491863433142
"Salem",323,0.46,1639,20,2.23447503425239
"Salem",NA,0.49,1567,20,2.50603631024023
"Salem",500,0.51,2512,36,2.76293411457838
"Salem",545,0.49,2689,31,2.47397231228333
"Eugene",479,0.49,2426,NA,2.07777549134941
"Eugene",356,0.54,1759,23,2.39233187113579
"Eugene",383,0.49,1955,19,2.29298563426079
"Eugene",350,0.48,1797,20,2.13258682489915
"Eugene",485,0.48,2458,36,3.2119671086082
"Eugene",496,0.5,2486,28,2.42541110018117
"Eugene",365,0.49,1842,NA,2.47881846138002
"Eugene",408,0.52,2096,26,2.00207624966931
"Eugene",357,0.49,1800,22,2.41400456659413
"Eugene",NA,0.47,2556,27,2.89516747959092
"Eugene",359,0.52,1806,20,2.39934565908661
"Eugene",322,NA,1634,17,2.0949417096832
"Eugene",309,0.49,1576,22,2.64721017948335
"Eugene",390,0.52,1949,23,2.91081501561431
"Eugene",NA,0.51,1903,NA,1.90973223202011
"Eugene",344,0.5,1721,22,2.46220359315004
"Eugene",429,0.5,2133,26,2.45413842151212
"Eugene",584,NA,2926,40,3.10726472511911
"Eugene",544,0.47,2728,34,2.79118817535125
"Eugene",221,0.47,1091,12,2.19835906366876
"Eugene",353,NA,1767,NA,2.26956831316744
"Eugene",534,0.45,2660,34,2.41719233024441
"Eugene",547,0.51,2760,22,1.3923755216659
"Eugene",441,0.5,2176,23,2.2719496097114
"Eugene",269,NA,1326,20,2.53262604303331
"Eugene",326,0.5,1639,16,2.07035494703583
"Eugene",323,0.49,1664,18,2.97382691664149
"Eugene",409,0.49,2051,27,2.85631647134811
"Eugene",NA,0.5,1258,13,2.56942176492319
"Eugene",493,0.52,2491,30,2.23747674889352
"Eugene",NA,0.48,1665,19,2.570840006481
"Eugene",321,0.5,1634,21,2.57303783076152
"Eugene",431,0.52,2131,32,3.10836369246132
"Eugene",161,0.52,826,8,2.33400876817296
"Eugene",226,0.51,1123,15,2.89280872748582
"Eugene",364,0.5,1868,18,2.09284415350171
"Eugene",165,0.5,834,9,2.2372368843567
"Eugene",486,0.48,2454,26,2.27299689694388
"Eugene",522,NA,2622,35,2.93159313838152
"Eugene",263,0.53,1310,13,2.12691922011268
"Eugene",319,0.53,NA,14,1.83438914929787
"Eugene",514,0.5,2586,29,2.54689610559549
"Eugene",319,0.51,1598,NA,2.37768054704898
"Eugene",292,0.5,1462,13,1.692360204164
"Eugene",403,0.52,2059,23,2.28829376612697
"Eugene",328,0.47,1635,10,0.587221573678438
"Eugene",115,0.53,592,7,2.21240320724051
"Eugene",NA,0.51,1935,24,2.50561782436571
"Eugene",214,0.46,NA,6,0.619113536710842
"Eugene",598,0.53,3016,44,2.54502686691257
