"date","UNRATE","FEDFUNDS","INF"
2014-01-01,6.6,0.07,1.55776
2014-02-01,6.7,0.07,1.12047
2014-03-01,6.7,0.08,1.61269
2014-04-01,6.2,0.09,2.01513
2014-05-01,6.3,0.09,2.16695
2014-06-01,6.1,0.1,2.05898
2014-07-01,6.2,0.09,1.97424
2014-08-01,6.1,0.09,1.7151
2014-09-01,5.9,0.09,1.68405
2014-10-01,5.7,0.09,1.60954
2014-11-01,5.8,0.09,1.23152
2014-12-01,5.6,0.12,0.65312
2015-01-01,5.7,0.11,-0.22993
2015-02-01,5.5,0.11,-0.08703
2015-03-01,5.4,0.11,-0.02203
2015-04-01,5.4,0.12,-0.10403
2015-05-01,5.6,0.12,0.03503
2015-06-01,5.3,0.13,0.17957
2015-07-01,5.2,0.13,0.22569
2015-08-01,5.1,0.14,0.2413
2015-09-01,5,0.14,0.00884
2015-10-01,5,0.12,0.12762
2015-11-01,5.1,0.12,0.43632
2015-12-01,5,0.24,0.63872
2016-01-01,4.8,0.34,1.2375
2016-02-01,4.9,0.38,0.84728
2016-03-01,5,0.36,0.89162
2016-04-01,5.1,0.37,1.17263
2016-05-01,4.8,0.37,1.07848
2016-06-01,4.9,0.38,1.07929
2016-07-01,4.8,0.39,0.86836
2016-08-01,4.9,0.4,1.05532
2016-09-01,5,0.4,1.54864
2016-10-01,4.9,0.4,1.68592
2016-11-01,4.7,0.41,1.68433
2016-12-01,4.7,0.54,2.0508
2017-01-01,4.7,0.65,2.51039
2017-02-01,4.6,0.66,2.81036
2017-03-01,4.4,0.79,2.4412
2017-04-01,4.4,0.9,2.17622
2017-05-01,4.4,0.91,1.85634
2017-06-01,4.3,1.04,1.64057
2017-07-01,4.3,1.15,1.72511
2017-08-01,4.4,1.16,1.92812
2017-09-01,4.3,1.15,2.18057
2017-10-01,4.2,1.15,2.02076
2017-11-01,4.2,1.16,2.17249
2017-12-01,4.1,1.3,2.12993
2018-01-01,4,1.41,2.15132
2018-02-01,4.1,1.42,2.26347
2018-03-01,4,1.51,2.33095
2018-04-01,4,1.69,2.471
2018-05-01,3.8,1.7,2.78192
2018-06-01,4,1.82,2.80755
2018-07-01,3.8,1.91,2.85412
2018-08-01,3.8,1.91,2.64292
2018-09-01,3.7,1.95,2.33206
2018-10-01,3.8,2.19,2.49203
2018-11-01,3.8,2.2,2.14733
2018-12-01,3.9,2.27,2.00238
2019-01-01,4,2.4,1.48759
2019-02-01,3.8,2.4,1.51886
2019-03-01,3.8,2.41,1.88319
2019-04-01,3.7,2.42,2.00058
2019-05-01,3.6,2.39,1.79591
2019-06-01,3.6,2.38,1.67119
2019-07-01,3.7,2.4,1.82633
2019-08-01,3.6,2.13,1.73764
2019-09-01,3.5,2.04,1.6845
2019-10-01,3.6,1.83,1.73397
2019-11-01,3.6,1.55,2.09229
2019-12-01,3.6,1.55,2.31953
2020-01-01,3.6,1.55,2.51226
2020-02-01,3.5,1.58,2.33974
2020-03-01,4.4,0.65,1.52314
2020-04-01,14.8,0.05,0.34988
2020-05-01,13.2,0.05,0.21622
2020-06-01,11,0.08,0.70177
2020-07-01,10.2,0.09,1.01876
2020-08-01,8.4,0.1,1.3006
2020-09-01,7.8,0.09,1.37308
2020-10-01,6.8,0.09,1.20317
2020-11-01,6.7,0.09,1.16954
2020-12-01,6.7,0.09,1.30495
2021-01-01,6.4,0.09,1.3951
2021-02-01,6.2,0.08,1.67293
2021-03-01,6.1,0.07,2.61863
2021-04-01,6.1,0.07,4.14874
2021-05-01,5.8,0.06,4.92636
2021-06-01,5.9,0.08,5.31509
2021-07-01,5.4,0.1,5.25758
2021-08-01,5.1,0.09,5.17531
2021-09-01,4.7,0.08,5.36101
2021-10-01,4.5,0.08,6.21904
2021-11-01,4.1,0.08,6.86253
2021-12-01,3.9,0.08,7.17658
2022-01-01,4,0.08,7.56977
2022-02-01,3.8,0.08,7.94892
2022-03-01,3.6,0.2,8.54743
2022-04-01,3.7,0.33,8.25186
2022-05-01,3.6,0.77,8.533
2022-06-01,3.6,1.21,8.98974
2022-07-01,3.5,1.68,8.44982
2022-08-01,3.6,2.33,8.21881
2022-09-01,3.5,2.56,8.19827
2022-10-01,3.6,3.08,7.75194
2022-11-01,3.6,3.78,7.11947
2022-12-01,3.5,4.1,6.4115
2023-01-01,3.4,4.33,6.36212
2023-02-01,3.6,4.57,5.96552
2023-03-01,3.5,4.65,4.93509
2023-04-01,3.4,4.83,4.94106
2023-05-01,3.7,5.06,4.12069
2023-06-01,3.6,5.08,3.05326
2023-07-01,3.5,5.12,3.27178
2023-08-01,3.8,5.33,3.71872
2023-09-01,3.8,5.33,3.69406
2023-10-01,3.8,5.33,3.24579
2023-11-01,3.7,5.33,3.13948
2023-12-01,3.7,5.33,3.32316
2024-01-01,3.7,5.33,3.10598
2024-02-01,3.9,5.33,3.16574
2024-03-01,3.8,5.33,3.47513
